%YAML:1.0
---
R: !!opencv-matrix
   rows: 3
   cols: 3
   dt: d
   data: [ 9.9977373050469698e-01, -7.2146342999633226e-04,
       2.1259522178092408e-02, 5.6650950263149695e-04,
       9.9997323938137861e-01, 7.2938047749805867e-03,
       -2.1264215473538007e-02, -7.2801106881200178e-03,
       9.9974738465707613e-01 ]
T: !!opencv-matrix
   rows: 3
   cols: 1
   dt: d
   data: [ -7.9741121945895559e+00, 1.2176182362345545e-02,
       2.0681220249848753e-02 ]
R1: !!opencv-matrix
   rows: 3
   cols: 3
   dt: d
   data: [ 9.9982348693046785e-01, -2.2294951877397480e-03,
       1.8655410298578798e-02, 2.1614811506212922e-03,
       9.9999094719685899e-01, 3.6651771532058754e-03,
       -1.8663412909647133e-02, -3.6242068838186975e-03,
       9.9981925473708855e-01 ]
R2: !!opencv-matrix
   rows: 3
   cols: 3
   dt: d
   data: [ 9.9999547098291730e-01, -1.5269570980540352e-03,
       -2.5935334341396794e-03, 1.5174550896175168e-03,
       9.9999214440672901e-01, -3.6617557104175811e-03,
       2.5991044042692462e-03, 3.6578035557536881e-03,
       9.9998993251404433e-01 ]
P1: !!opencv-matrix
   rows: 3
   cols: 4
   dt: d
   data: [ 5.2842244934745077e+02, 0., 6.3641310119628906e+02, 0., 0.,
       5.2842244934745077e+02, 4.0647546386718750e+02, 0., 0., 0., 1.,
       0. ]
P2: !!opencv-matrix
   rows: 3
   cols: 4
   dt: d
   data: [ 5.2842244934745077e+02, 0., 6.3641310119628906e+02,
       -4.2137189812416364e+03, 0., 5.2842244934745077e+02,
       4.0647546386718750e+02, 0., 0., 0., 1., 0. ]
Q: !!opencv-matrix
   rows: 4
   cols: 4
   dt: d
   data: [ 1., 0., 0., -6.3641310119628906e+02, 0., 1., 0.,
       -4.0647546386718750e+02, 0., 0., 0., 5.2842244934745077e+02, 0.,
       0., 1.2540524218626062e-01, 0. ]
