%YAML:1.0
---
M1: !!opencv-matrix
   rows: 3
   cols: 3
   dt: d
   data: [ 6.9949186258686484e+02, 0., 6.5004710266209202e+02, 0.,
       6.9865501597739080e+02, 3.9485789111323891e+02, 0., 0., 1. ]
D1: !!opencv-matrix
   rows: 1
   cols: 14
   dt: d
   data: [ -1.6122776137417966e-01, -8.3447909928148593e-03, 0., 0., 0.,
       0., 0., -2.6995073515847134e-02, 0., 0., 0., 0., 0., 0. ]
M2: !!opencv-matrix
   rows: 3
   cols: 3
   dt: d
   data: [ 6.9949186258686484e+02, 0., 6.4552798014866710e+02, 0.,
       6.9865501597739080e+02, 4.0444342654253433e+02, 0., 0., 1. ]
D2: !!opencv-matrix
   rows: 1
   cols: 14
   dt: d
   data: [ -1.5105045884123605e-01, -6.7550600490782431e-02, 0., 0., 0.,
       0., 0., -1.1617827369540157e-01, 0., 0., 0., 0., 0., 0. ]
